Number of group operations found = 48
Number of non-symmorphic group operations = 0

No. 1
     | -1.00000  0.00000  0.00000 |     | -1.00000  0.00000  0.00000 |
     | -1.00000  0.00000  1.00000 |     |  0.00000 -1.00000  0.00000 |
     | -1.00000  1.00000  0.00000 |     |  0.00000  0.00000  1.00000 |
   + [  0.00000  0.00000  0.00000 ]   + [  0.00000  0.00000  0.00000 ]

No. 2
     | -1.00000  0.00000  0.00000 |     |  0.00000 -1.00000  0.00000 |
     | -1.00000  1.00000  0.00000 |     | -1.00000  0.00000  0.00000 |
     | -1.00000  0.00000  1.00000 |     |  0.00000  0.00000  1.00000 |
   + [  0.00000  0.00000  0.00000 ]   + [  0.00000  0.00000  0.00000 ]

No. 3
     | -1.00000  0.00000  0.00000 |     | -1.00000  0.00000  0.00000 |
     |  0.00000 -1.00000  0.00000 |     |  0.00000 -1.00000  0.00000 |
     |  0.00000  0.00000 -1.00000 |     |  0.00000  0.00000 -1.00000 |
   + [  0.00000  0.00000  0.00000 ]   + [  0.00000  0.00000  0.00000 ]

No. 4
     | -1.00000  0.00000  0.00000 |     |  0.00000 -1.00000  0.00000 |
     |  0.00000  0.00000 -1.00000 |     | -1.00000  0.00000  0.00000 |
     |  0.00000 -1.00000  0.00000 |     |  0.00000  0.00000 -1.00000 |
   + [  0.00000  0.00000  0.00000 ]   + [  0.00000  0.00000  0.00000 ]

No. 5
     | -1.00000  0.00000  1.00000 |     | -1.00000  0.00000  0.00000 |
     | -1.00000  0.00000  0.00000 |     |  0.00000  0.00000  1.00000 |
     | -1.00000  1.00000  0.00000 |     |  0.00000 -1.00000  0.00000 |
   + [  0.00000  0.00000  0.00000 ]   + [  0.00000  0.00000  0.00000 ]

No. 6
     | -1.00000  0.00000  1.00000 |     |  0.00000  0.00000  1.00000 |
     | -1.00000  1.00000  0.00000 |     | -1.00000  0.00000  0.00000 |
     | -1.00000  0.00000  0.00000 |     |  0.00000 -1.00000  0.00000 |
   + [  0.00000  0.00000  0.00000 ]   + [  0.00000  0.00000  0.00000 ]

No. 7
     | -1.00000  0.00000  1.00000 |     | -1.00000  0.00000  0.00000 |
     |  0.00000 -1.00000  1.00000 |     |  0.00000  0.00000  1.00000 |
     |  0.00000  0.00000  1.00000 |     |  0.00000  1.00000  0.00000 |
   + [  0.00000  0.00000  0.00000 ]   + [  0.00000  0.00000  0.00000 ]

No. 8
     | -1.00000  0.00000  1.00000 |     |  0.00000  0.00000  1.00000 |
     |  0.00000  0.00000  1.00000 |     | -1.00000  0.00000  0.00000 |
     |  0.00000 -1.00000  1.00000 |     |  0.00000  1.00000  0.00000 |
   + [  0.00000  0.00000  0.00000 ]   + [  0.00000  0.00000  0.00000 ]

No. 9
     | -1.00000  1.00000  0.00000 |     |  0.00000 -1.00000  0.00000 |
     | -1.00000  0.00000  0.00000 |     |  0.00000  0.00000  1.00000 |
     | -1.00000  0.00000  1.00000 |     | -1.00000  0.00000  0.00000 |
   + [  0.00000  0.00000  0.00000 ]   + [  0.00000  0.00000  0.00000 ]

No.10
     | -1.00000  1.00000  0.00000 |     |  0.00000  0.00000  1.00000 |
     | -1.00000  0.00000  1.00000 |     |  0.00000 -1.00000  0.00000 |
     | -1.00000  0.00000  0.00000 |     | -1.00000  0.00000  0.00000 |
   + [  0.00000  0.00000  0.00000 ]   + [  0.00000  0.00000  0.00000 ]

No.11
     | -1.00000  1.00000  0.00000 |     |  0.00000 -1.00000  0.00000 |
     |  0.00000  1.00000 -1.00000 |     |  0.00000  0.00000  1.00000 |
     |  0.00000  1.00000  0.00000 |     |  1.00000  0.00000  0.00000 |
   + [  0.00000  0.00000  0.00000 ]   + [  0.00000  0.00000  0.00000 ]

No.12
     | -1.00000  1.00000  0.00000 |     |  0.00000  0.00000  1.00000 |
     |  0.00000  1.00000  0.00000 |     |  0.00000 -1.00000  0.00000 |
     |  0.00000  1.00000 -1.00000 |     |  1.00000  0.00000  0.00000 |
   + [  0.00000  0.00000  0.00000 ]   + [  0.00000  0.00000  0.00000 ]

No.13
     |  0.00000 -1.00000  0.00000 |     | -1.00000  0.00000  0.00000 |
     | -1.00000  0.00000  0.00000 |     |  0.00000  0.00000 -1.00000 |
     |  0.00000  0.00000 -1.00000 |     |  0.00000 -1.00000  0.00000 |
   + [  0.00000  0.00000  0.00000 ]   + [  0.00000  0.00000  0.00000 ]

No.14
     |  0.00000 -1.00000  0.00000 |     | -1.00000  0.00000  0.00000 |
     |  0.00000 -1.00000  1.00000 |     |  0.00000  0.00000 -1.00000 |
     |  1.00000 -1.00000  0.00000 |     |  0.00000  1.00000  0.00000 |
   + [  0.00000  0.00000  0.00000 ]   + [  0.00000  0.00000  0.00000 ]

No.15
     |  0.00000 -1.00000  0.00000 |     |  0.00000  0.00000 -1.00000 |
     |  0.00000  0.00000 -1.00000 |     | -1.00000  0.00000  0.00000 |
     | -1.00000  0.00000  0.00000 |     |  0.00000 -1.00000  0.00000 |
   + [  0.00000  0.00000  0.00000 ]   + [  0.00000  0.00000  0.00000 ]

No.16
     |  0.00000 -1.00000  0.00000 |     |  0.00000  0.00000 -1.00000 |
     |  1.00000 -1.00000  0.00000 |     | -1.00000  0.00000  0.00000 |
     |  0.00000 -1.00000  1.00000 |     |  0.00000  1.00000  0.00000 |
   + [  0.00000  0.00000  0.00000 ]   + [  0.00000  0.00000  0.00000 ]

No.17
     |  0.00000 -1.00000  1.00000 |     | -1.00000  0.00000  0.00000 |
     | -1.00000  0.00000  1.00000 |     |  0.00000  1.00000  0.00000 |
     |  0.00000  0.00000  1.00000 |     |  0.00000  0.00000  1.00000 |
   + [  0.00000  0.00000  0.00000 ]   + [  0.00000  0.00000  0.00000 ]

No.18
     |  0.00000 -1.00000  1.00000 |     | -1.00000  0.00000  0.00000 |
     |  0.00000 -1.00000  0.00000 |     |  0.00000  1.00000  0.00000 |
     |  1.00000 -1.00000  0.00000 |     |  0.00000  0.00000 -1.00000 |
   + [  0.00000  0.00000  0.00000 ]   + [  0.00000  0.00000  0.00000 ]

No.19
     |  0.00000 -1.00000  1.00000 |     |  0.00000  1.00000  0.00000 |
     |  0.00000  0.00000  1.00000 |     | -1.00000  0.00000  0.00000 |
     | -1.00000  0.00000  1.00000 |     |  0.00000  0.00000  1.00000 |
   + [  0.00000  0.00000  0.00000 ]   + [  0.00000  0.00000  0.00000 ]

No.20
     |  0.00000 -1.00000  1.00000 |     |  0.00000  1.00000  0.00000 |
     |  1.00000 -1.00000  0.00000 |     | -1.00000  0.00000  0.00000 |
     |  0.00000 -1.00000  0.00000 |     |  0.00000  0.00000 -1.00000 |
   + [  0.00000  0.00000  0.00000 ]   + [  0.00000  0.00000  0.00000 ]

No.21
     |  0.00000  0.00000 -1.00000 |     |  0.00000 -1.00000  0.00000 |
     | -1.00000  0.00000  0.00000 |     |  0.00000  0.00000 -1.00000 |
     |  0.00000 -1.00000  0.00000 |     | -1.00000  0.00000  0.00000 |
   + [  0.00000  0.00000  0.00000 ]   + [  0.00000  0.00000  0.00000 ]

No.22
     |  0.00000  0.00000 -1.00000 |     |  0.00000  0.00000 -1.00000 |
     |  0.00000 -1.00000  0.00000 |     |  0.00000 -1.00000  0.00000 |
     | -1.00000  0.00000  0.00000 |     | -1.00000  0.00000  0.00000 |
   + [  0.00000  0.00000  0.00000 ]   + [  0.00000  0.00000  0.00000 ]

No.23
     |  0.00000  0.00000 -1.00000 |     |  0.00000 -1.00000  0.00000 |
     |  0.00000  1.00000 -1.00000 |     |  0.00000  0.00000 -1.00000 |
     |  1.00000  0.00000 -1.00000 |     |  1.00000  0.00000  0.00000 |
   + [  0.00000  0.00000  0.00000 ]   + [  0.00000  0.00000  0.00000 ]

No.24
     |  0.00000  0.00000 -1.00000 |     |  0.00000  0.00000 -1.00000 |
     |  1.00000  0.00000 -1.00000 |     |  0.00000 -1.00000  0.00000 |
     |  0.00000  1.00000 -1.00000 |     |  1.00000  0.00000  0.00000 |
   + [  0.00000  0.00000  0.00000 ]   + [  0.00000  0.00000  0.00000 ]

No.25
     |  0.00000  0.00000  1.00000 |     |  0.00000  0.00000  1.00000 |
     | -1.00000  0.00000  1.00000 |     |  0.00000  1.00000  0.00000 |
     |  0.00000 -1.00000  1.00000 |     | -1.00000  0.00000  0.00000 |
   + [  0.00000  0.00000  0.00000 ]   + [  0.00000  0.00000  0.00000 ]

No.26
     |  0.00000  0.00000  1.00000 |     |  0.00000  1.00000  0.00000 |
     |  0.00000 -1.00000  1.00000 |     |  0.00000  0.00000  1.00000 |
     | -1.00000  0.00000  1.00000 |     | -1.00000  0.00000  0.00000 |
   + [  0.00000  0.00000  0.00000 ]   + [  0.00000  0.00000  0.00000 ]

No.27
     |  0.00000  0.00000  1.00000 |     |  0.00000  0.00000  1.00000 |
     |  0.00000  1.00000  0.00000 |     |  0.00000  1.00000  0.00000 |
     |  1.00000  0.00000  0.00000 |     |  1.00000  0.00000  0.00000 |
   + [  0.00000  0.00000  0.00000 ]   + [  0.00000  0.00000  0.00000 ]

No.28
     |  0.00000  0.00000  1.00000 |     |  0.00000  1.00000  0.00000 |
     |  1.00000  0.00000  0.00000 |     |  0.00000  0.00000  1.00000 |
     |  0.00000  1.00000  0.00000 |     |  1.00000  0.00000  0.00000 |
   + [  0.00000  0.00000  0.00000 ]   + [  0.00000  0.00000  0.00000 ]

No.29
     |  0.00000  1.00000 -1.00000 |     |  0.00000 -1.00000  0.00000 |
     | -1.00000  1.00000  0.00000 |     |  1.00000  0.00000  0.00000 |
     |  0.00000  1.00000  0.00000 |     |  0.00000  0.00000  1.00000 |
   + [  0.00000  0.00000  0.00000 ]   + [  0.00000  0.00000  0.00000 ]

No.30
     |  0.00000  1.00000 -1.00000 |     |  0.00000 -1.00000  0.00000 |
     |  0.00000  0.00000 -1.00000 |     |  1.00000  0.00000  0.00000 |
     |  1.00000  0.00000 -1.00000 |     |  0.00000  0.00000 -1.00000 |
   + [  0.00000  0.00000  0.00000 ]   + [  0.00000  0.00000  0.00000 ]

No.31
     |  0.00000  1.00000 -1.00000 |     |  1.00000  0.00000  0.00000 |
     |  0.00000  1.00000  0.00000 |     |  0.00000 -1.00000  0.00000 |
     | -1.00000  1.00000  0.00000 |     |  0.00000  0.00000  1.00000 |
   + [  0.00000  0.00000  0.00000 ]   + [  0.00000  0.00000  0.00000 ]

No.32
     |  0.00000  1.00000 -1.00000 |     |  1.00000  0.00000  0.00000 |
     |  1.00000  0.00000 -1.00000 |     |  0.00000 -1.00000  0.00000 |
     |  0.00000  0.00000 -1.00000 |     |  0.00000  0.00000 -1.00000 |
   + [  0.00000  0.00000  0.00000 ]   + [  0.00000  0.00000  0.00000 ]

No.33
     |  0.00000  1.00000  0.00000 |     |  0.00000  0.00000  1.00000 |
     | -1.00000  1.00000  0.00000 |     |  1.00000  0.00000  0.00000 |
     |  0.00000  1.00000 -1.00000 |     |  0.00000 -1.00000  0.00000 |
   + [  0.00000  0.00000  0.00000 ]   + [  0.00000  0.00000  0.00000 ]

No.34
     |  0.00000  1.00000  0.00000 |     |  0.00000  0.00000  1.00000 |
     |  0.00000  0.00000  1.00000 |     |  1.00000  0.00000  0.00000 |
     |  1.00000  0.00000  0.00000 |     |  0.00000  1.00000  0.00000 |
   + [  0.00000  0.00000  0.00000 ]   + [  0.00000  0.00000  0.00000 ]

No.35
     |  0.00000  1.00000  0.00000 |     |  1.00000  0.00000  0.00000 |
     |  0.00000  1.00000 -1.00000 |     |  0.00000  0.00000  1.00000 |
     | -1.00000  1.00000  0.00000 |     |  0.00000 -1.00000  0.00000 |
   + [  0.00000  0.00000  0.00000 ]   + [  0.00000  0.00000  0.00000 ]

No.36
     |  0.00000  1.00000  0.00000 |     |  1.00000  0.00000  0.00000 |
     |  1.00000  0.00000  0.00000 |     |  0.00000  0.00000  1.00000 |
     |  0.00000  0.00000  1.00000 |     |  0.00000  1.00000  0.00000 |
   + [  0.00000  0.00000  0.00000 ]   + [  0.00000  0.00000  0.00000 ]

No.37
     |  1.00000 -1.00000  0.00000 |     |  0.00000  0.00000 -1.00000 |
     |  0.00000 -1.00000  0.00000 |     |  0.00000  1.00000  0.00000 |
     |  0.00000 -1.00000  1.00000 |     | -1.00000  0.00000  0.00000 |
   + [  0.00000  0.00000  0.00000 ]   + [  0.00000  0.00000  0.00000 ]

No.38
     |  1.00000 -1.00000  0.00000 |     |  0.00000  1.00000  0.00000 |
     |  0.00000 -1.00000  1.00000 |     |  0.00000  0.00000 -1.00000 |
     |  0.00000 -1.00000  0.00000 |     | -1.00000  0.00000  0.00000 |
   + [  0.00000  0.00000  0.00000 ]   + [  0.00000  0.00000  0.00000 ]

No.39
     |  1.00000 -1.00000  0.00000 |     |  0.00000  0.00000 -1.00000 |
     |  1.00000  0.00000 -1.00000 |     |  0.00000  1.00000  0.00000 |
     |  1.00000  0.00000  0.00000 |     |  1.00000  0.00000  0.00000 |
   + [  0.00000  0.00000  0.00000 ]   + [  0.00000  0.00000  0.00000 ]

No.40
     |  1.00000 -1.00000  0.00000 |     |  0.00000  1.00000  0.00000 |
     |  1.00000  0.00000  0.00000 |     |  0.00000  0.00000 -1.00000 |
     |  1.00000  0.00000 -1.00000 |     |  1.00000  0.00000  0.00000 |
   + [  0.00000  0.00000  0.00000 ]   + [  0.00000  0.00000  0.00000 ]

No.41
     |  1.00000  0.00000 -1.00000 |     |  0.00000  0.00000 -1.00000 |
     |  0.00000  0.00000 -1.00000 |     |  1.00000  0.00000  0.00000 |
     |  0.00000  1.00000 -1.00000 |     |  0.00000 -1.00000  0.00000 |
   + [  0.00000  0.00000  0.00000 ]   + [  0.00000  0.00000  0.00000 ]

No.42
     |  1.00000  0.00000 -1.00000 |     |  1.00000  0.00000  0.00000 |
     |  0.00000  1.00000 -1.00000 |     |  0.00000  0.00000 -1.00000 |
     |  0.00000  0.00000 -1.00000 |     |  0.00000 -1.00000  0.00000 |
   + [  0.00000  0.00000  0.00000 ]   + [  0.00000  0.00000  0.00000 ]

No.43
     |  1.00000  0.00000 -1.00000 |     |  0.00000  0.00000 -1.00000 |
     |  1.00000 -1.00000  0.00000 |     |  1.00000  0.00000  0.00000 |
     |  1.00000  0.00000  0.00000 |     |  0.00000  1.00000  0.00000 |
   + [  0.00000  0.00000  0.00000 ]   + [  0.00000  0.00000  0.00000 ]

No.44
     |  1.00000  0.00000 -1.00000 |     |  1.00000  0.00000  0.00000 |
     |  1.00000  0.00000  0.00000 |     |  0.00000  0.00000 -1.00000 |
     |  1.00000 -1.00000  0.00000 |     |  0.00000  1.00000  0.00000 |
   + [  0.00000  0.00000  0.00000 ]   + [  0.00000  0.00000  0.00000 ]

No.45
     |  1.00000  0.00000  0.00000 |     |  0.00000  1.00000  0.00000 |
     |  0.00000  0.00000  1.00000 |     |  1.00000  0.00000  0.00000 |
     |  0.00000  1.00000  0.00000 |     |  0.00000  0.00000  1.00000 |
   + [  0.00000  0.00000  0.00000 ]   + [  0.00000  0.00000  0.00000 ]

No.46
     |  1.00000  0.00000  0.00000 |     |  1.00000  0.00000  0.00000 |
     |  0.00000  1.00000  0.00000 |     |  0.00000  1.00000  0.00000 |
     |  0.00000  0.00000  1.00000 |     |  0.00000  0.00000  1.00000 |
   + [  0.00000  0.00000  0.00000 ]   + [  0.00000  0.00000  0.00000 ]

No.47
     |  1.00000  0.00000  0.00000 |     |  0.00000  1.00000  0.00000 |
     |  1.00000 -1.00000  0.00000 |     |  1.00000  0.00000  0.00000 |
     |  1.00000  0.00000 -1.00000 |     |  0.00000  0.00000 -1.00000 |
   + [  0.00000  0.00000  0.00000 ]   + [  0.00000  0.00000  0.00000 ]

No.48
     |  1.00000  0.00000  0.00000 |     |  1.00000  0.00000  0.00000 |
     |  1.00000  0.00000 -1.00000 |     |  0.00000  1.00000  0.00000 |
     |  1.00000 -1.00000  0.00000 |     |  0.00000  0.00000 -1.00000 |
   + [  0.00000  0.00000  0.00000 ]   + [  0.00000  0.00000  0.00000 ]
