0.00000000000000000 0.00000000000000000 0.00000000000000000 0.0000000000000000 0.0000000000000000 0.0000000000000000 -113.07691504
0.00000000000000000 0.00000000000000000 0.20000000000000001 -0.1629294002969877 -0.0582679639844879 0.2626464863835921 -115.67564594
0.00000000000000000 0.00000000000000000 0.40000000000000002 -0.1530362931194572 -0.0060565913653377 0.4413972567099780 -115.52747233
0.00000000000000000 0.00000000000000000 0.59999999999999998 0.1530350062842238 0.0060566515438283 0.5586017794635711 -115.52747218
0.00000000000000000 0.00000000000000000 0.80000000000000004 0.1629293809515246 0.0582678949431527 0.7373534623335908 -115.67564563
0.00000000000000000 0.20000000000000001 0.00000000000000000 -0.0414927855203681 0.3075166536992484 -0.0774228235551110 -115.58856953
0.00000000000000000 0.20000000000000001 0.20000000000000001 -0.0414874737592969 0.1925596174492039 0.4226964364040791 -115.58857116
0.00000000000000000 0.20000000000000001 0.40000000000000002 -0.1531590690578864 -0.0062140322188701 0.4412827484628167 -115.52747309
0.00000000000000000 0.20000000000000001 0.59999999999999998 0.1529227015338268 0.0060359923311713 0.5585944060938290 -115.52747031
0.00000000000000000 0.20000000000000001 0.80000000000000004 -0.8371371486469960 0.0582554976077925 -0.2626853511128403 -115.67564498
0.00000000000000000 0.40000000000000002 0.00000000000000000 -0.1528792979433773 0.5059625313777389 -0.0585816741019866 -115.52746935
0.00000000000000000 0.40000000000000002 0.20000000000000001 0.1529344362725567 0.4939460105884196 0.0585671566075560 -115.52747103
0.00000000000000000 0.40000000000000002 0.40000000000000002 -0.8370366304403835 0.0583090762744634 0.7373249214758683 -115.67564669
0.00000000000000000 0.40000000000000002 0.59999999999999998 -0.1628722140249813 -0.0582580080868957 0.2626908006899120 -115.67564555
0.00000000000000000 0.40000000000000002 0.80000000000000004 -0.0414442512984540 0.3074965570134294 0.9226657774277210 -115.58856935
0.00000000000000000 0.59999999999999998 0.00000000000000000 0.1528794997583433 0.4940375580186603 0.0585820283254248 -115.52746960
0.00000000000000000 0.59999999999999998 0.20000000000000001 0.0414447093798680 0.6925037957823010 0.0773340160042160 -115.58857080
0.00000000000000000 0.59999999999999998 0.40000000000000002 0.1628716272061609 0.0582573604868814 0.7373091298090340 -115.67564522
0.00000000000000000 0.59999999999999998 0.59999999999999998 0.8370635981505037 -0.0583094258469911 0.2626871860922804 -115.67564679
0.00000000000000000 0.59999999999999998 0.80000000000000004 -0.1529344855286436 0.5060541768930471 -0.0585671299590226 -115.52747078
0.00000000000000000 0.80000000000000004 0.00000000000000000 0.0414927790209110 0.6924832625508941 0.0774228039654941 -115.58857096
0.00000000000000000 0.80000000000000004 0.20000000000000001 0.8371368604656421 -0.0582557401912924 0.2626853794825861 -115.67564529
0.00000000000000000 0.80000000000000004 0.40000000000000002 -0.1529209736481681 -0.0060490092144304 0.4414038298850814 -115.52747042
0.00000000000000000 0.80000000000000004 0.59999999999999998 0.1531589651187357 0.0062139725886424 0.5587171423664055 -115.52747294
0.00000000000000000 0.80000000000000004 0.80000000000000004 0.0414872223523715 0.8074402108821261 0.5773028915020645 -115.58857138
0.20000000000000001 0.00000000000000000 0.00000000000000000 0.1628289019704621 0.0582709173609491 -0.2627337232546301 -115.67564500
0.20000000000000001 0.00000000000000000 0.20000000000000001 -0.1527999588059576 -0.0061246935179612 -0.5585074856676625 -115.52746912
0.20000000000000001 0.00000000000000000 0.40000000000000002 0.1526045411277274 0.0059098460308605 0.5583470661791570 -115.52746673
0.20000000000000001 0.00000000000000000 0.59999999999999998 0.1526482003678335 0.0059301326395047 0.5583865784293668 -115.52746728
0.20000000000000001 0.00000000000000000 0.80000000000000004 0.1629176637045493 0.0583341262500498 0.7372673902658193 -115.67564677
0.20000000000000001 0.20000000000000001 0.00000000000000000 0.1530898214378282 0.4938662473645893 0.0586808504385367 -115.52747243
0.20000000000000001 0.20000000000000001 0.20000000000000001 -0.9585679461230024 0.6924872135382514 0.0773344104692905 -115.58857029
0.20000000000000001 0.20000000000000001 0.40000000000000002 0.1529412880601136 0.0059635055043994 0.5585418960088049 -115.52747106
0.20000000000000001 0.20000000000000001 0.59999999999999998 0.1525269478882909 0.0058279135580889 0.5583003966138121 -115.52746535
0.20000000000000001 0.20000000000000001 0.80000000000000004 0.1629402915936985 0.0582737360181425 0.7373433855148492 -115.67564597
0.20000000000000001 0.40000000000000002 0.00000000000000000 0.1528728899211798 0.4940022823591301 0.0585169184630237 -115.52747040
0.20000000000000001 0.40000000000000002 0.20000000000000001 0.1628677039835694 0.4416810353751796 0.2372467992118349 -115.67564662
0.20000000000000001 0.40000000000000002 0.40000000000000002 0.1530968157036913 0.4939034908321631 0.0586704946888541 -115.52747262
0.20000000000000001 0.40000000000000002 0.59999999999999998 -0.8470595180540783 -0.5059798825788835 0.0585607905245393 -115.52747105
0.20000000000000001 0.40000000000000002 0.80000000000000004 -0.8371341955943266 0.0582803644714859 0.7372924953700504 -115.67564546
0.20000000000000001 0.59999999999999998 0.00000000000000000 0.1530293291744343 0.4937255075775762 0.0586681066980681 -115.52747129
0.20000000000000001 0.59999999999999998 0.20000000000000001 0.1531988557871077 0.4938479033357701 0.0587166384114294 -115.52747371
0.20000000000000001 0.59999999999999998 0.40000000000000002 0.1531635541218107 0.4939473145764274 0.0586662339219489 -115.52747354
0.20000000000000001 0.59999999999999998 0.59999999999999998 0.1527383554943883 0.0060082920199691 0.5584197078136673 -115.52746882
0.20000000000000001 0.59999999999999998 0.80000000000000004 0.0415237396829232 0.6925414719099302 0.0773634860835439 -115.58857230
0.20000000000000001 0.80000000000000004 0.00000000000000000 0.1628648414100718 0.4416867970595378 0.2372472518522834 -115.67564656
0.20000000000000001 0.80000000000000004 0.20000000000000001 0.0414926122372032 0.6925632218582204 0.0773068498835141 -115.58857228
0.20000000000000001 0.80000000000000004 0.40000000000000002 0.1528823864217745 0.0059558791863813 0.5585442599904737 -115.52747000
0.20000000000000001 0.80000000000000004 0.59999999999999998 -0.1528941264258174 -0.0060775094367573 0.4414789960792532 -115.52747079
0.20000000000000001 0.80000000000000004 0.80000000000000004 0.1532784894893046 0.0063213758339492 0.5587955584237314 -115.52747366
0.40000000000000002 0.00000000000000000 0.00000000000000000 0.1629122107909967 0.0582866017847241 -0.2626934646063784 -115.67564610
0.40000000000000002 0.00000000000000000 0.20000000000000001 0.1529060995396151 -0.5059984944039344 0.0585403801559479 -115.52747073
0.40000000000000002 0.00000000000000000 0.40000000000000002 0.1527608706201284 0.0058743643544060 0.5584773716018782 -115.52746832
0.40000000000000002 0.00000000000000000 0.59999999999999998 0.1527719880806374 0.0060885086976769 0.5584574716518695 -115.52746910
0.40000000000000002 0.00000000000000000 0.80000000000000004 0.1628974024237466 0.0582674757222229 0.7373178485770756 -115.67564562
0.40000000000000002 0.20000000000000001 0.00000000000000000 0.1628954207953643 0.0582609030873397 -0.2626632996463443 -115.67564529
0.40000000000000002 0.20000000000000001 0.20000000000000001 0.1628987776794224 0.4417323923332940 0.2373308868290014 -115.67564596
0.40000000000000002 0.20000000000000001 0.40000000000000002 0.1629400544577659 0.4416814702138075 0.2373059251539410 -115.67564713
0.40000000000000002 0.20000000000000001 0.59999999999999998 0.1629637799370274 0.0583056764930981 0.7373291333103443 -115.67564663
0.40000000000000002 0.20000000000000001 0.80000000000000004 0.1628812052770794 0.0582621155193883 0.7373273281928200 -115.67564517
0.40000000000000002 0.40000000000000002 0.00000000000000000 0.1629298810559332 0.4417464209263373 0.2373645650055045 -115.67564587
0.40000000000000002 0.40000000000000002 0.20000000000000001 0.1628518752341106 0.4417141362374583 0.2372752096427455 -115.67564592
0.40000000000000002 0.40000000000000002 0.40000000000000002 0.1529435416594853 0.4940918781155229 0.0585640118978332 -115.52747077
0.40000000000000002 0.40000000000000002 0.59999999999999998 -0.0414349855406512 0.1924928460905805 0.4226664592126894 -115.58856945
0.40000000000000002 0.40000000000000002 0.80000000000000004 0.1629168054813606 0.0582956266785011 0.7373082635904991 -115.67564620
0.40000000000000002 0.59999999999999998 0.00000000000000000 0.1629290565843030 0.4416670710057543 0.2372824948951364 -115.67564727
0.40000000000000002 0.59999999999999998 0.20000000000000001 0.1524969063609954 0.4941012671011962 0.0582846059646714 -115.52746538
0.40000000000000002 0.59999999999999998 0.40000000000000002 0.1629506222088482 0.4416928669443482 0.2373095722607865 -115.67564720
0.40000000000000002 0.59999999999999998 0.59999999999999998 0.8468641149279986 0.5061410762251658 0.9413031995247566 -115.52747273
0.40000000000000002 0.59999999999999998 0.80000000000000004 0.8472438156813574 0.5059572596960381 -0.0584235694539284 -115.52746896
0.40000000000000002 0.80000000000000004 0.00000000000000000 -0.1628960200560259 0.5582683156485529 0.7626681166421748 -115.67564513
0.40000000000000002 0.80000000000000004 0.20000000000000001 0.1530131254487146 0.4938649578564405 0.0586377268765526 -115.52747165
0.40000000000000002 0.80000000000000004 0.40000000000000002 -0.8371776740989774 0.4417167358393568 -0.7627444767099810 -115.67564554
0.40000000000000002 0.80000000000000004 0.59999999999999998 0.1628582321564974 0.0583144834325207 0.7372474771942135 -115.67564594
0.40000000000000002 0.80000000000000004 0.80000000000000004 -0.1528541479039267 -0.0060771591686318 0.4414647832453001 -115.52746991
0.59999999999999998 0.00000000000000000 0.00000000000000000 0.8370881865429872 -0.0582867917145428 0.2626937014208792 -115.67564641
0.59999999999999998 0.00000000000000000 0.20000000000000001 0.8371025829317938 -0.0582675476425966 0.2626821037046477 -115.67564593
0.59999999999999998 0.00000000000000000 0.40000000000000002 0.8472280983450674 -0.0060885722602838 0.4415425434267837 -115.52746924
0.59999999999999998 0.00000000000000000 0.59999999999999998 0.8472389627675996 -0.0058744680644788 0.4415224802144253 -115.52746847
0.59999999999999998 0.00000000000000000 0.80000000000000004 -0.1529060465645542 0.5059984825037104 0.9414597262590977 -115.52747047
0.59999999999999998 0.20000000000000001 0.00000000000000000 0.1628960304471843 -0.5582682441752793 -0.7626680873616123 -115.67564591
0.59999999999999998 0.20000000000000001 0.20000000000000001 0.1528538779858984 0.0060770864054807 0.5585350349786788 -115.52746977
0.59999999999999998 0.20000000000000001 0.40000000000000002 0.8371417700252081 -0.0583145292005680 0.2627524614930511 -115.67564625
0.59999999999999998 0.20000000000000001 0.59999999999999998 0.8371776892642222 -0.4417166641314758 0.7627445082955948 -115.67564477
0.59999999999999998 0.20000000000000001 0.80000000000000004 0.8469869040262792 0.5061350026765634 0.9413623582128572 -115.52747139
0.59999999999999998 0.40000000000000002 0.00000000000000000 0.8370709487098471 0.5583330120139679 -0.2372824600845421 -115.67564650
0.59999999999999998 0.40000000000000002 0.20000000000000001 0.1527564295201098 0.4940424736131049 0.0584238490060216 -115.52746921
0.59999999999999998 0.40000000000000002 0.40000000000000002 0.1531358118668013 0.4938589709528510 0.0586968276120689 -115.52747298
0.59999999999999998 0.40000000000000002 0.59999999999999998 0.8370493299681165 0.5583072204838115 0.7626904436158799 -115.67564643
0.59999999999999998 0.40000000000000002 0.80000000000000004 0.8475029960179676 0.5058987958409937 0.9417153896512935 -115.52746512
0.59999999999999998 0.59999999999999998 0.00000000000000000 0.8370703562733701 0.5582536820767507 -0.2373643025211286 -115.67564511
0.59999999999999998 0.59999999999999998 0.20000000000000001 -0.1629168992819687 -0.0582957062358774 -0.7373083638961143 -115.67564651
0.59999999999999998 0.59999999999999998 0.40000000000000002 0.0414351411573579 0.8075071750976424 -0.4226662658293299 -115.58856967
0.59999999999999998 0.59999999999999998 0.59999999999999998 0.8470565487757583 0.5059081102036923 -0.0585638882900624 -115.52747052
0.59999999999999998 0.59999999999999998 0.80000000000000004 0.8371204503366384 0.5582954847981961 0.7627306586783928 -115.67564575
0.59999999999999998 0.80000000000000004 0.00000000000000000 0.8371045614179258 0.9417390221621488 0.2626632570362782 -115.67564560
0.59999999999999998 0.80000000000000004 0.20000000000000001 0.8371172170478600 0.9417359868217733 0.2626737358982892 -115.67564554
0.59999999999999998 0.80000000000000004 0.40000000000000002 0.8370995176056000 -0.0582944001747097 0.2627023537914448 -115.67564638
0.59999999999999998 0.80000000000000004 0.59999999999999998 0.8370599363889173 0.5583185887510576 0.7626940854727672 -115.67564636
0.59999999999999998 0.80000000000000004 0.80000000000000004 0.8371012290710286 0.5582676563232037 0.7626691088341963 -115.67564519
0.80000000000000004 0.00000000000000000 0.00000000000000000 0.8371712702675613 -0.0582709081630429 0.2627337359266018 -115.67564530
0.80000000000000004 0.00000000000000000 0.20000000000000001 0.8370823209066875 -0.0583341973677746 0.2627325646533447 -115.67564708
0.80000000000000004 0.00000000000000000 0.40000000000000002 0.8473516479680523 -0.0059302209023862 0.4416132702446888 -115.52746742
0.80000000000000004 0.00000000000000000 0.59999999999999998 0.8473953101284291 -0.0059099419446562 0.4416527973042784 -115.52746688
0.80000000000000004 0.00000000000000000 0.80000000000000004 0.1527998440307937 0.0061245888214888 0.5585073636116151 -115.52746898
0.80000000000000004 0.20000000000000001 0.00000000000000000 0.8371351851545855 0.5583133307008338 -0.2372471427989842 -115.67564579
0.80000000000000004 0.20000000000000001 0.20000000000000001 0.8467215546388779 -0.0063213409369205 0.4412044361441406 -115.52747381
0.80000000000000004 0.20000000000000001 0.40000000000000002 0.1528937491824843 0.0060776556474207 0.5585206820783615 -115.52747064
0.80000000000000004 0.20000000000000001 0.59999999999999998 0.8471167387607094 -0.0059560028543342 0.4414552032455095 -115.52747016
0.80000000000000004 0.20000000000000001 0.80000000000000004 0.9585073752867908 0.3074366310138348 0.9226932326077982 -115.58857085
0.80000000000000004 0.40000000000000002 0.00000000000000000 0.8469707290298462 0.5062744858650300 -0.0586679980028063 -115.52747104
0.80000000000000004 0.40000000000000002 0.20000000000000001 -0.0415237193338362 0.3074584764274390 -0.0773635349819091 -115.58857087
0.80000000000000004 0.40000000000000002 0.40000000000000002 0.8472614741741669 -0.0060083921154523 0.4415801397591432 -115.52746896
0.80000000000000004 0.40000000000000002 0.59999999999999998 -0.1531515577218197 0.5060557533944566 -0.0586611311397785 -115.52747318
0.80000000000000004 0.40000000000000002 0.80000000000000004 0.8468011173104831 0.5061521076673527 0.9412834237071545 -115.52747345
0.80000000000000004 0.59999999999999998 0.00000000000000000 0.8471272484164701 0.5059976637311701 -0.0585167441172348 -115.52747014
0.80000000000000004 0.59999999999999998 0.20000000000000001 0.8371341812669669 -0.0582804348438838 -0.7372925421194234 -115.67564577
0.80000000000000004 0.59999999999999998 0.40000000000000002 0.8470595647175221 0.5059798994349669 -0.0585606934935712 -115.52747079
0.80000000000000004 0.59999999999999998 0.59999999999999998 0.8469032692827275 0.5060965000437411 0.9413296293493408 -115.52747237
0.80000000000000004 0.59999999999999998 0.80000000000000004 0.8371323038962520 0.5583190309747845 0.7627532186309331 -115.67564585
0.80000000000000004 0.80000000000000004 0.00000000000000000 0.8469104408975331 0.5061336599705109 -0.0586805986663196 -115.52747218
0.80000000000000004 0.80000000000000004 0.20000000000000001 0.8370596923029721 -0.0582738079902859 0.2626565681500899 -115.67564628
0.80000000000000004 0.80000000000000004 0.40000000000000002 0.8474730153813422 -0.0058279407314595 0.4416995464758044 -115.52746549
0.80000000000000004 0.80000000000000004 0.59999999999999998 0.8470585594167148 -0.0059635966104689 0.4414579681969015 -115.52747120
0.80000000000000004 0.80000000000000004 0.80000000000000004 0.9585679671984473 -0.6924872687133513 0.9226655613498087 -115.58856886
